diffeq = 0.03915559
prob = 0.99547366
loss = 51.91518798
eigE = 78.95639322
diffeqDiff = -3.821e-05