diffeq = 0.52990135
prob = 0.99809712
loss = 310.53094253
eigE = 44.41433845