diffeq = 0.04622412
prob = 0.99813731
loss = 1254.6314328
eigE = 15.1138746