diffeq = 0.00010686
prob = 0.99999528
loss = 31.87510686
eigE = 4.93722828
diffeqDiff = -1.707e-05

Done at 3400 iterations. Without lessThou condition.
brkCount2_iter = 1600 brkCount2 = 8 brkCount2_prob = 0.9995555857267372
brkCount3_iter = 2400 brkCount3 = 6 brkCount3_prob = 0.9999680585795101
brkCount4_iter = 3000 brkCount4 = 5 brkCount4_prob = 0.9999934902384708
