diffeq = 0.00017569
prob = 1.00000443
loss = 51.87517569
eigE = 11.1033049
diffeqDiff = -5.01e-06

n = 3
