diffeq = 0.00108643
prob = 1.0000119
loss = 51.87608644
eigE = 19.73925203