diffeq = 0.00228176
prob = 1.4e-07
loss = 1.00228147
eigE = 22.96763852