diffeq = 3.0696666
prob = 0.99934364
loss = 1253.07078669
eigE = 77.21251188

100*(1 - prob)**2 + 1000/prob + 250*(prob**4) term
