diffeq = 0.04361379
prob = 0.99064731
loss = 51.92304271
eigE = 241.80533889
diffeqDiff = -7.269e-05

brkCount2_iter = 25900 brkCount2 = 157 brkCount2_prob = 0.8026224180096324
brk3Lim = 51800 brkCount3_iter = 35100 brkCount3 = 137 brkCount3_prob = 0.8910525185663354
brk4Lim = 70200 brkCount4_iter = 59300 brkCount4 = 5 brkCount4_prob = 0.960876123823994
endLim = 118600
