diffeq = 6.75886211
prob = 0.99864337
loss = 131.75932406
eigE = 47.01989348