diffeq = 0.02505286
prob = 0.99906397
loss = 1252.50756357
eigE = 19.7381419

Used [1,32,32,32,1]
