diffeq = 0.01607884
prob = 0.99999501
loss = 1250.0160789
eigE = 44.41322839

with 100*(1-prob)**2 + 1000/prob + 250prob**4
