diffeq = 2.053e-05
prob = 0.99996261
loss = 1.25002054
eigE = 11.10330088