diffeq = 0.08800628
prob = 0.99478382
loss = 51.96437827
eigE = 37.84466597
diffeqDiff = -4.56e-05

brkCount2_iter = 19400 brkCount2 = 191 brkCount2_prob = 0.9645339423477459
brk3Lim = 38800 brkCount3_iter = 25900 brkCount3 = 63 brkCount3_prob = 0.9776750439000383
brk4Lim = 51800 brkCount4_iter = 45100 brkCount4 = 5 brkCount4_prob = 0.9915903269200304
endLim = 90200
