diffeq = 4.5e-06
prob = 1.0000001
loss = 31.8750045
eigE = 1.23370057
diffeqDiff = -5.9e-07

brkCount2_iter = 800 brkCount2 = 5 brkCount2_prob = 0.991733302113017
brk3Lim = 1600 brkCount3_iter = 1300 brkCount3 = 5 brkCount3_prob = 1.0000204510919855
brk4Lim = 2600 brkCount4_iter = 1700 brkCount4 = 70 brkCount4_prob = 0.9999905042971469
endLim = 3400
