diffeq = 7.957e-05
prob = 0.99978186
loss = 7.962e-05
eigE = 11.10330775