diffeq = 0.00841991
prob = 0.99998251
loss = 51.88341992
eigE = 11.1033246
diffeqDiff = -6.024e-05

brkCount2_iter = 9300 brkCount2 = 17 brkCount2_prob = 0.9973035485970476
brk3Lim = 18600 brkCount3_iter = 10800 brkCount3 = 25 brkCount3_prob = 0.9998312701583946
brk4Lim = 20400 brkCount4_iter = 13200 brkCount4 = 5 brkCount4_prob = 1.0009378827860242
endLim = 26400
