diffeq = 0.00093529
prob = 0.99947971
loss = 51.87594887
eigE = 4.9347956
diffeqDiff = -7.381e-05

brkCount2_iter = 7400 brkCount2 = 31 brkCount2_prob = 0.9997594239302271
brk3Lim = 14800 brkCount3_iter = 8200 brkCount3 = 8 brkCount3_prob = 0.9999849374331118
brk4Lim = 17300 brkCount4_iter = 11100 brkCount4 = 5 brkCount4_prob = 0.9999816987643321
endLim = 22200
