diffeq = 4.64392042
prob = 0.23109051
loss = 9.56316404
eigE = 48.90558589

1/prob + prob**4/4 term
