diffeq = 0.0945426
prob = 0.99965706
loss = 311.34457742
eigE = 79.24647355

return np.mean(diffeq**2) + (1-prob)**2 + (120/prob + 120*prob) + (30/prob**2 + 30*prob**2) + (5/prob**3 + 5*prob**3) + (5/(8*prob**4) + (5/8)*prob**4) as loss
