diffeq = 0.00050414
prob = 1.00006495
loss = 51.87550435
eigE = 4.93480267
diffeqDiff = -5.862e-05

Done in 19,900 iterations
brkCount2_iter = 1700 brkCount2 = 33 brkCount2_prob = 1.0000186069560648
brk3Lim = 3400 brkCount3_iter = 2700 brkCount3 = 44 brkCount3_prob = 1.0000153602281616
brk4Lim = 5400 brkCount4_iter = 6700 brkCount4 = 10 brkCount4_prob = 0.9999989752681474
endLim = 13400
