diffeq = 0.00023327
prob = 0.99983069
loss = 51.87523471
eigE = 4.93477891
diffeqDiff = -5.74e-06