diffeq = 0.00034895
prob = 1.00005325
loss = 51.87534909
eigE = 4.93480972
diffeqDiff = -9.29e-05

brkCount2_iter = 2300 brkCount2 = 45 brkCount2_prob = 0.9960694789606666
brk3Lim = 4600 brkCount3_iter = 6400 brkCount3 = 27 brkCount3_prob = 0.9993268997634976
brk4Lim = 12800 brkCount4_iter = 8500 brkCount4 = 10 brkCount4_prob = 0.9996831783851824
endLim = 17000
