diffeq = 0.006506
prob = 0.99918814
loss = 31.8815325
eigE = 26.8673128
diffeqDiff = -8.507e-05