diffeq = 6.21800801
prob = 0.98741925
loss = 131.25773827
eigE = 46.9285291