diffeq = 0.00108347
prob = 0.99990099
loss = 51.87608396
eigE = 11.10333817
diffeqDiff = -4.746e-05