diffeq = 6.84e-06
prob = 1.00053411
loss = 31.87501829
eigE = 4.93480011
diffeqDiff = 1.27e-06

With a complex exit condition.
brkCount2_iter = 1600 brkCount2 = 8 brkCount2_prob = 0.9995555857267372
brk3Lim = 3200 brkCount3_iter = 2400 brkCount3 = 6 brkCount3_prob = 0.9999680585795101
brk4Lim = 4800 brkCount4_iter = 3000 brkCount4 = 60 brkCount4_prob = 0.9999934902384708
endLim = 6000
