diffeq = 0.01044903
prob = 0.99884522
loss = 0.01045036
eigE = 4.93483818