diffeq = 0.00048409
prob = 0.99963583
loss = 0.00048422
eigE = 4.93477404
diffeqDiff = -7.331e-05