diffeq = 0.0298453
prob = 0.99997624
loss = 1250.02984677
eigE = 78.9440145