diffeq = 0.00430774
prob = 0.95859257
loss = 0.00602231
eigE = 44.4130378