diffeq = 0.00201893
prob = 0.99474948
loss = 51.87840963
eigE = 1.77661292
diffeqDiff = 0.00161451

1/(10**12)*(1/(E-1.5)**8 + 1/(E-3)**8) as Ereg
