diffeq = 2.53e-06
prob = 0.99999697
loss = 12.50000253
eigE = 0.54831146