diffeq = 0.03836215
prob = 0.99997513
loss = 311.28836233
eigE = 78.94901754