diffeq = 0.16477485
prob = 0.99798956
loss = 52.03997802
eigE = 30.84252368
