diffeq = 2.7e-07
prob = 1.00190765
loss = 3.91e-06
eigE = 1.2337016