diffeq = 0.00038018
prob = 0.9999808
loss = 51.87538074
eigE = 1.77662329
diffeqDiff = -2.258e-05

1/(10**11)*(1/(E-1.5)**8 + 1/(E-3)**8)
