diffeq = 0.00028309
prob = 0.99963993
loss = 0.00028322
eigE = 7.71057038