diffeq = 0.10418849
prob = 0.99888178
loss = 51.97925128
eigE = 4.47899131
diffeqDiff = 0.00016491

Got n = 2.
