diffeq = 0.01184396
prob = 0.99926167
loss = 1251.18581323
eigE = 11.10349377