diffeq = 0.00132934
prob = 0.99994421
loss = 51.8763295
eigE = 7.71062775
diffeqDiff = -4.487e-05

Got n = 5.
