diffeq = 0.02976013
prob = 0.99997666
loss = 1250.02976155
eigE = 8.76620439

With 100*(1 - prob)**2 + 1000/prob + 250*(prob**4) term
