diffeq = 0.00214897
prob = 0.9997986
loss = 31.8771506
eigE = 4.93433778
diffeqDiff = 3.816e-05