diffeq = 6.63254108
prob = 0.59281995
loss = 13.66925478
eigE = 47.76534801