diffeq = 0.00016634
prob = 0.9999793
loss = 51.87516637
eigE = 13.70778423
diffeqDiff = -4.46e-06

brkCount2_iter = 4200 brkCount2 = 25 brkCount2_prob = 0.9970617701075046
brk3Lim = 8400 brkCount3_iter = 5100 brkCount3 = 25 brkCount3_prob = 0.999486631541246
brk4Lim = 8700 brkCount4_iter = 8600 brkCount4 = 10 brkCount4_prob = 1.0001249794703369
endLim = 17200
